  5.7581905e-002	
  1.0780087e-001	
  6.7768120e-002	
  9.9943403e-002	
  9.6109940e-002	
  6.0937364e-002	
  1.0864640e-001	
  7.7099322e-002	
  9.5273526e-002	
  8.2066236e-002	
  3.8495985e-002	
  8.7110076e-002	
  9.7656492e-002	
  1.0152870e-001	
  7.9603835e-002	
  7.0080543e-002	
  7.9085628e-002	
  1.0669200e-001	
  9.2794066e-002	
  8.0075746e-002	
  8.5905097e-002	
  1.2762516e-001	
  1.3505830e-001	
  1.1232628e-001	
  1.3099973e-001	
  1.5211932e-001	
  7.5821219e-002	
  1.1213741e-001	
  9.3852362e-002	
  5.3148665e-002	
  7.8709150e-002	
  6.2315056e-002	
  9.9390150e-002	
  9.6215669e-002	
  5.1609924e-002	
  1.1671631e-001	
  7.3697938e-002	
  9.9646811e-002	
  8.3406038e-002	
  1.1829867e-001	
  9.3522574e-002	
  1.3865671e-001	
  1.5143238e-001	
  1.4299747e-001	
  9.3374102e-002	
  8.3664022e-002	
  1.2240441e-001	
  4.9287678e-002	
  5.8009284e-002	
  6.6118269e-002	
  9.9451221e-002	
  9.1374095e-002	
  5.7957814e-002	
  9.1671443e-002	
  9.7167419e-002	
  9.5814961e-002	
  7.8537875e-002	
  9.7267456e-002	
  2.3537757e-001	
  2.1243770e-001	
  2.7520992e-001	
  3.7127795e-001	
  3.3692216e-001	
  3.0141836e-001	
  1.3915236e-001	
  2.5857798e-001	
  3.6658744e-001	
  2.5872395e-001	
  6.8581195e-001	
  8.6653131e-001	
  6.5908976e-001	
  7.2617424e-001	
  7.8599065e-001	
  3.8248036e-001	
  2.4705701e-001	
  1.7313305e-001	
  7.8779609e-002	
  9.8773043e-002	
  4.9830355e-002	
  7.5488872e-002	
  6.1157507e-002	
  1.0078643e-001	
  9.7298140e-002	
  5.1796497e-002	
  1.0234177e-001	
  8.4993662e-002	
  9.6916194e-002	
  9.2301427e-002	
  1.0065932e-001	
  1.1260267e-001	
  1.3797233e-001	
  1.5324216e-001	
  1.0432643e-001	
  1.3744293e-001	
  7.4018058e-002	
  1.1257509e-001	
  7.0058674e-002	
  7.3133967e-002	
  8.3039413e-002	
  9.7083184e-002	
  7.4619362e-002	
  7.2327929e-002	
  7.1569185e-002	
  8.8045521e-002	
  9.1282964e-002	
  8.0168343e-002	
  5.2602717e-002	
  1.6763678e-001	
  1.5643988e-001	
  3.0024721e-001	
  6.0608985e-001	
  5.4063422e-001	
  3.8180188e-001	
  5.9144300e-001	
  7.2503818e-001	
  9.0443363e-001	
  5.9354258e-001	
  1.3162869e-001	
  1.4785516e-001	
  1.8848540e-001	
  6.1875342e-001	
  4.9300771e-001	
  2.0607839e-001	
  3.7491631e-001	
  1.0000000e+000	
  7.2653415e-001	
  4.1432363e-001	
  3.7918462e-001	
  1.3847345e-001	
  3.1712784e-002	
  1.9632746e-001	
  2.9025081e-001	
  3.7730470e-001	
  1.8921985e-001	
  2.4253404e-001	
  2.9135106e-001	
  9.2859133e-002	
  8.6860490e-002	
  7.8363754e-002	
  8.3278632e-002	
  9.4497681e-002	
  6.1223421e-002	
  1.0862375e-001	
  7.2124187e-002	
  9.5450952e-002	
  8.8003435e-002	
  1.0730374e-001	
  9.8936550e-002	
  1.3210457e-001	
  1.4607014e-001	
  1.5127131e-001	
  7.7988769e-002	
  1.0528507e-001	
  1.0612758e-001	
  5.2767645e-002	
  7.2125277e-002	
  7.5295090e-002	
  1.0113329e-001	
  9.5807607e-002	
  6.2167611e-002	
  9.4799938e-002	
  9.1749671e-002	
  9.8097648e-002	
  7.4197052e-002	
  2.1677667e-002	
  1.6484208e-004	
