  1.3550900e-008	
  1.6295450e-008	
  1.5623212e-008	
  1.6229743e-008	
  1.6578498e-008	
  1.6588606e-008	
  1.7215354e-008	
  1.6330831e-008	
  1.6598715e-008	
  1.6487518e-008	
  2.6891422e-004	
  3.5172661e-002	
  5.1618533e-002	
  2.0179621e-002	
  5.6240141e-002	
  5.7698895e-002	
  3.8591557e-002	
  5.8887679e-003	
  2.5770525e-002	
  1.4894904e-001	
  1.0173058e-001	
  9.2631848e-002	
  2.5291872e-002	
  6.4561504e-003	
  2.6011537e-002	
  1.2947031e-002	
  5.4539987e-003	
  2.6521320e-002	
  4.8371516e-002	
  5.2945341e-002	
  2.7110694e-002	
  5.6817374e-003	
  1.1395058e-003	
  3.7771492e-002	
  1.7084003e-001	
  1.2712645e-001	
  3.6969653e-002	
  7.7400301e-003	
  6.4184223e-003	
  2.5889540e-003	
  1.6537256e-003	
  1.3693426e-003	
  5.2406546e-004	
  1.7504813e-004	
  1.5455690e-002	
  1.8245207e-002	
  2.8853038e-002	
  8.7800301e-003	
  1.4621901e-002	
  2.4597983e-003	
  9.6822854e-004	
  8.2506044e-004	
  9.4695022e-004	
  4.4487412e-004	
  3.5454992e-004	
  3.1524415e-002	
  2.0070009e-002	
  2.7705745e-002	
  2.3246524e-002	
  1.8492615e-002	
  3.1689030e-002	
  6.2853098e-002	
  3.1017093e-002	
  7.4383762e-002	
  1.2498540e-001	
  1.2093785e-001	
  1.5599482e-001	
  4.5067413e-002	
  1.9083719e-002	
  8.0158343e-003	
  6.2384693e-003	
  8.0526664e-003	
  9.0332057e-003	
  1.2877758e-002	
  1.6387097e-002	
  1.6603424e-002	
  4.8109363e-003	
  1.3726818e-002	
  2.9879182e-002	
  2.5277757e-002	
  1.4827967e-002	
  3.1232006e-002	
  3.6952347e-002	
  3.7141582e-002	
  6.6282688e-002	
  5.2068279e-002	
  1.1889498e-001	
  1.7503047e-002	
  1.8775056e-002	
  4.1285866e-002	
  4.6256003e-002	
  5.3779277e-002	
  3.6874312e-002	
  2.4495910e-002	
  3.6122334e-002	
  7.5192339e-002	
  5.3179527e-002	
  1.8033339e-002	
  1.1094460e-002	
  1.0296038e-002	
  4.1949152e-003	
  4.3378236e-003	
  3.9551759e-002	
  2.4204730e-002	
  3.2699005e-002	
  3.2670003e-002	
  2.2567909e-002	
  4.0436071e-002	
  3.2285482e-002	
  4.5488080e-002	
  1.9403464e-002	
  9.4147177e-003	
  8.9779194e-002	
  2.4237550e-001	
  1.5861345e-001	
  7.4374126e-002	
  6.7546052e-002	
  5.3818723e-002	
  7.0062619e-002	
  4.8583327e-002	
  1.9208195e-002	
  6.9083084e-002	
  1.7897668e-001	
  8.0448797e-002	
  3.6519578e-002	
  1.7779047e-002	
  3.5245284e-002	
  1.4382337e-001	
  3.7363079e-002	
  4.6668528e-002	
  3.4367639e-002	
  3.2510688e-002	
  3.3028977e-002	
  2.7505300e-002	
  2.6238214e-002	
  2.6843622e-002	
  1.4801092e-001	
  2.4026865e-001	
  1.4526305e-001	
  3.0694335e-001	
  2.2557554e-001	
  1.4627342e-001	
  6.5644119e-002	
  9.7457637e-002	
  1.7407396e-001	
  2.0478861e-001	
  5.3005239e-002	
  1.1340938e-001	
  4.8019840e-002	
  1.1893438e-002	
  4.3482856e-003	
  7.2827684e-003	
  2.3280779e-003	
  1.7614235e-002	
  2.9333974e-002	
  1.1449540e-002	
  5.6248471e-003	
  5.2941358e-003	
  2.2074480e-003	
  1.7577530e-003	
  5.7638907e-004	
  3.9572183e-003	
  3.2824038e-002	
  6.6182765e-002	
  7.4451235e-002	
  7.4284649e-002	
  7.2545374e-002	
  5.5764544e-002	
  1.2055668e-002	
  1.0107841e-002	
  1.8854408e-002	
  1.5401428e-002	
  1.3330138e-002	
  1.0960858e-002	
  5.4670348e-003	
  3.3262581e-003	
  1.9483483e-002	
  2.4673243e-002	
  2.0222753e-002	
  2.6197524e-002	
  3.5303354e-002	
  3.1126944e-002	
  1.1625438e-001	
  1.2943903e-001	
  1.3791832e-001	
  1.8449045e-001	
  3.7903936e-002	
  2.1180567e-002	
  4.5809754e-002	
  6.9156386e-002	
  4.8013906e-002	
  3.8856287e-002	
  4.7314110e-002	
  6.6390307e-002	
  3.5061424e-002	
  1.6910096e-002	
  1.1626489e-002	
  6.2438741e-003	
  5.1444969e-003	
  6.3308740e-003	
  2.3020358e-002	
  3.4348879e-002	
  4.2442147e-002	
  5.6018870e-002	
  6.0173441e-002	
  1.1178079e-001	
  9.1444737e-002	
  7.4012453e-002	
  4.9162734e-002	
  1.7200985e-002	
  1.1968253e-002	
  6.4017572e-002	
  1.3962968e-001	
  1.1232559e-001	
  6.4218354e-002	
  4.1454088e-002	
  1.8240496e-002	
  1.4634770e-002	
  2.0726274e-002	
  1.4070515e-002	
  3.4481720e-002	
  6.0682265e-002	
  7.1787648e-002	
  5.3809921e-002	
  2.5948519e-002	
  1.0436177e-002	
  5.6855632e-002	
  5.1480459e-002	
  4.5483378e-002	
  4.5532354e-002	
  6.0825923e-002	
  2.6591022e-002	
  5.8556379e-002	
  5.5603579e-002	
  2.3727480e-002	
  4.9619952e-002	
  1.1968885e-001	
  1.8251013e-001	
  2.7451691e-001	
  2.6008875e-001	
  1.1932126e-001	
  6.5221034e-002	
  4.0367795e-002	
  8.6872874e-002	
  4.4182865e-002	
  1.9751020e-001	
  1.5668794e-001	
  2.8532320e-002	
  1.6283153e-002	
  4.1408606e-003	
  4.9800268e-003	
  2.5267693e-003	
  7.4488833e-004	
  8.8746526e-004	
  6.0790511e-002	
  3.0428560e-001	
  6.5897416e-002	
  3.0011788e-002	
  3.0798371e-002	
  5.9746512e-002	
  8.3335799e-002	
  5.7846849e-002	
  3.0930251e-002	
  3.2694053e-002	
  7.9070854e-002	
  3.7398971e-002	
  4.2641827e-002	
  4.8969066e-002	
  2.5889104e-002	
  2.7389811e-002	
  6.7025763e-002	
  5.0733705e-002	
  3.1700374e-002	
  1.3780603e-002	
  5.1221908e-003	
  3.4004249e-003	
  1.2661429e-002	
  6.6153348e-003	
  2.7344061e-003	
  4.1025312e-003	
  1.7915427e-003	
  5.6010449e-003	
  3.2037497e-002	
  6.0965139e-002	
  3.2130841e-002	
  4.0328508e-002	
  1.0437743e-002	
  2.1556639e-002	
  1.6544321e-002	
  4.7098524e-003	
  7.0210712e-003	
  4.7516080e-002	
  3.6675938e-002	
  4.9582048e-002	
  7.0033962e-002	
  1.1814083e-001	
  2.1163906e-002	
  1.0358367e-001	
  1.2382244e-001	
  1.1619676e-001	
  4.0315965e-001	
  6.4272162e-001	
  1.3832156e-001	
  6.1793121e-002	
  1.3423095e-002	
  9.6268996e-003	
  4.0696309e-003	
  9.2061767e-002	
  2.7711258e-002	
  8.4455694e-003	
  5.7631199e-003	
  3.2428994e-002	
  7.5350391e-002	
  6.7861860e-002	
  4.7282313e-002	
  3.0240594e-002	
  8.4974381e-002	
  8.5248851e-002	
  4.7590228e-002	
  5.6948088e-002	
  4.2292957e-002	
  4.9082872e-002	
  1.1837973e-001	
  1.4335048e-001	
  4.6228490e-002	
  2.8779763e-002	
  2.5247548e-002	
  1.1372808e-002	
  4.9417560e-003	
  1.2614489e-003	
  2.6834881e-002	
  1.6282332e-001	
  1.6848449e-001	
  6.0082636e-002	
  1.8853924e-002	
  2.1045023e-002	
  1.1358750e-001	
  6.9134158e-002	
  2.3963510e-002	
  2.2370929e-001	
  2.3333818e-001	
  1.1030570e-001	
  2.4875556e-002	
  5.1320788e-003	
  2.7064395e-003	
  1.5983328e-003	
  1.2989364e-003	
  2.3554440e-004	
  1.3237215e-004	
  1.0287746e-004	
  6.1052162e-005	
  6.6481994e-005	
  1.3140297e-001	
  1.4406505e-001	
  4.5344433e-002	
  1.6424185e-002	
  3.5509578e-002	
  9.1992646e-002	
  8.6679688e-002	
  7.6181115e-002	
  2.5741364e-002	
  1.6141311e-002	
  4.1219457e-002	
  6.2820676e-002	
  5.3711859e-002	
  8.5307794e-002	
  2.1249198e-002	
  3.4290149e-002	
  8.4134527e-002	
  5.2006810e-002	
  3.2347286e-002	
  2.2543517e-002	
  9.0664326e-003	
  5.9862860e-003	
  4.3220511e-003	
  1.8745035e-003	
  4.7515893e-003	
  1.3234094e-002	
  2.8014385e-003	
  6.5145962e-002	
  1.6255608e-001	
  1.2624133e-001	
  4.5564066e-002	
  5.5070789e-002	
  5.4083524e-002	
  2.7393859e-002	
  1.0526572e-002	
  8.0681066e-002	
  1.5448814e-001	
  1.6397430e-001	
  6.5136851e-001	
  9.6044399e-002	
  1.8929466e-001	
  3.8230361e-002	
  7.1871590e-002	
  8.1352071e-002	
  1.3205564e-001	
  4.4502623e-001	
  3.4533406e-001	
  1.4020834e-001	
  4.6528149e-002	
  1.0505180e-002	
  8.9371363e-003	
  5.4017114e-003	
  1.2538306e-003	
  4.6973315e-003	
  4.0117683e-002	
  1.4701028e-001	
  1.0690076e-001	
  2.0984554e-001	
  1.6890478e-001	
  2.8060906e-001	
  1.4474106e-001	
  2.8264117e-001	
  1.3257094e-001	
  1.8033331e-001	
  2.3221344e-001	
  2.2738190e-001	
  1.4566487e-001	
  2.6673559e-001	
  1.9714228e-001	
  3.3533580e-001	
  8.0449547e-001	
  3.6527631e-001	
  2.4053162e-001	
  1.4200638e-001	
  4.6297940e-001	
  4.9696172e-001	
  1.0000000e+000	
  1.4965401e-001	
  2.3090556e-001	
  1.3676838e-001	
  1.9370634e-001	
  6.9900828e-002	
  3.8607961e-002	
  5.8930899e-002	
  1.1616994e-001	
  1.8318712e-001	
  4.5738737e-002	
  2.7783001e-002	
  2.5853846e-002	
  9.7113157e-003	
  2.1410991e-003	
  1.4410146e-003	
  6.7207261e-004	
  4.9708929e-004	
  2.6787337e-004	
  1.1081199e-004	
  1.2152778e-004	
  2.8217593e-005	
  4.5250311e-002	
  3.8238382e-002	
  8.2713083e-003	
  9.2312859e-002	
  1.4496287e-001	
  1.7752915e-001	
  1.2720396e-001	
  2.3584401e-002	
  1.1854394e-002	
  2.3079453e-002	
  1.0237952e-001	
  9.8078669e-002	
  1.6561179e-001	
  1.2174224e-001	
  8.5186623e-002	
  5.5835946e-002	
  7.5896862e-002	
  4.5939976e-002	
  1.2415883e-001	
  2.7146350e-001	
  1.0382760e-001	
  1.9305868e-001	
  1.0849164e-001	
  7.9389151e-002	
  5.9659689e-002	
  8.2365051e-002	
  2.5246095e-002	
  6.7195408e-002	
  6.6423321e-002	
  5.0714837e-002	
  3.8090353e-002	
  9.6229823e-003	
  6.9821792e-003	
  2.5440461e-002	
  1.8552323e-002	
  5.9907097e-003	
  1.6186009e-002	
  2.7647530e-002	
  5.5283631e-002	
  5.1487548e-002	
  4.7410178e-002	
  4.2460392e-002	
  7.8558441e-003	
  9.6038782e-003	
  4.3586116e-003	
  3.6954703e-003	
  5.6720275e-004	
  2.8508664e-003	
  3.9542086e-002	
  1.2202534e-002	
  5.9506053e-003	
  2.5921502e-002	
  2.5609539e-002	
  3.9997614e-002	
  5.6854849e-002	
  2.0618891e-002	
  1.1167857e-002	
  1.1714088e-002	
  4.6764557e-002	
  3.6144982e-002	
  3.1209265e-002	
  2.1231026e-002	
  3.7075333e-002	
  1.5502645e-002	
  1.4366217e-002	
  1.1173992e-002	
  9.6622622e-002	
  1.1723878e-001	
  7.5247799e-002	
  7.0483791e-002	
  6.1366009e-002	
  3.0116448e-002	
  1.4986669e-002	
  4.1740512e-002	
  9.1284508e-002	
  5.5984987e-002	
  4.4658190e-002	
  5.4831997e-002	
  5.5819976e-002	
  7.4657065e-002	
  6.6609664e-002	
  3.1424199e-002	
  3.6826705e-002	
  1.6816060e-002	
  5.2149716e-003	
  8.3488926e-002	
  4.5480968e-002	
  3.8885008e-002	
  1.2819944e-002	
  4.8812671e-003	
  7.0778905e-003	
  4.0095443e-002	
  7.7717191e-002	
  2.6022120e-002	
  1.4042248e-002	
  5.1894539e-003	
  1.0804413e-002	
  1.8356856e-002	
  9.2534973e-003	
  4.4157221e-003	
  1.1220871e-001	
  1.8286995e-001	
  8.0002344e-002	
  4.4236350e-002	
  3.0768088e-002	
  8.4375056e-003	
  1.8220744e-002	
  8.8304727e-002	
  6.0647613e-002	
  3.3566897e-002	
  3.5940872e-002	
  7.2465437e-002	
  9.2980532e-002	
  1.9319437e-001	
  4.4591503e-002	
  1.2796803e-001	
  2.5016872e-001	
  1.8282749e-001	
  1.8342636e-001	
  1.3194088e-001	
  4.5299795e-002	
  6.1035136e-002	
  8.0952268e-002	
  3.9738300e-002	
  4.8895435e-002	
  8.6573097e-002	
  8.0573082e-002	
  5.8157927e-002	
  1.4899649e-002	
  8.5086259e-003	
  1.1429738e-002	
  2.5832553e-002	
  8.4116512e-003	
  2.4135976e-002	
  9.5989573e-002	
  8.7090556e-002	
  9.3849378e-002	
  1.2131758e-001	
  2.1765552e-002	
  1.1918959e-002	
  8.2029486e-003	
  4.8518007e-003	
  2.7514957e-003	
  1.1116308e-003	
  3.7132733e-003	
  6.3978335e-002	
  3.2725659e-002	
  2.3654319e-002	
  1.0459368e-001	
  9.7699030e-002	
  3.8961460e-002	
  1.7826182e-002	
  6.5713160e-003	
  5.5879745e-002	
  8.2110502e-002	
  9.1143047e-002	
  7.0001811e-002	
  3.5859485e-002	
  9.6712847e-003	
  3.0368928e-002	
  2.8867285e-002	
  1.3612869e-002	
  5.2159080e-002	
  7.4503406e-002	
  1.4901754e-002	
  1.2173997e-002	
  4.5658622e-003	
  2.2807606e-003	
  8.4911053e-002	
  1.7748916e-001	
  1.5226780e-001	
  5.6034432e-002	
  2.2623380e-002	
  9.5898288e-003	
  2.7517762e-003	
  1.6164108e-003	
  9.7299364e-004	
  4.9660496e-004	
  2.6438369e-004	
  2.6183152e-004	
  1.3848045e-002	
  6.2339434e-002	
  1.3231074e-001	
  6.3013241e-002	
  2.3459641e-002	
  5.6449231e-003	
  4.4839423e-003	
  1.6892909e-003	
  4.3723178e-004	
  5.6568510e-004	
  7.5239195e-004	
  5.6891266e-004	
  1.2822943e-001	
  2.9140824e-001	
  1.0423355e-001	
  8.4389664e-002	
  5.2056092e-002	
  6.0761265e-002	
  3.9339472e-002	
  2.5709150e-002	
  1.3456176e-002	
  1.6607976e-002	
  2.6139577e-002	
  1.4440588e-002	
  5.4334601e-002	
  9.6042995e-002	
  6.6718827e-002	
  1.1998841e-001	
  1.4416649e-001	
  1.8153099e-001	
  8.1952136e-002	
  4.6687082e-002	
  7.5625036e-002	
  7.4609120e-002	
  6.9756636e-002	
  8.1119732e-002	
  1.8415253e-002	
  1.6586571e-002	
  3.9517088e-002	
  2.7094504e-002	
  4.3941353e-002	
  2.3800069e-001	
  2.0590263e-001	
  3.8551461e-001	
  7.4770026e-002	
  7.1866258e-002	
  2.7893260e-001	
  1.2450351e-001	
  3.8819262e-002	
  1.8509233e-002	
  1.3501924e-002	
  2.6921603e-002	
  2.9197395e-002	
  2.8879169e-002	
  2.6038971e-002	
  8.3885306e-003	
  6.7875538e-003	
  2.1948411e-003	
  1.8617728e-003	
  1.2873455e-003	
  5.7416346e-004	
  4.1458881e-004	
  2.4167424e-002	
  7.8646574e-002	
  7.3713193e-002	
  1.6924121e-001	
  4.6000785e-002	
  2.5966837e-001	
  3.3062329e-001	
  9.4227655e-002	
  6.1083901e-002	
  1.5318865e-001	
  2.5316910e-001	
  6.6120068e-002	
  1.4823482e-001	
  4.2099136e-001	
  3.4240200e-001	
  3.1791540e-001	
  1.8969119e-001	
  9.1715781e-002	
  1.8548514e-001	
  2.6396186e-001	
  1.6870684e-001	
  4.8683172e-002	
  7.3399375e-002	
  8.1712252e-002	
  1.9456320e-001	
  7.1341313e-002	
  1.2122474e-001	
  1.5557043e-001	
  1.5489412e-001	
  1.3162082e-001	
  9.3927767e-002	
  9.9659043e-002	
  8.4185454e-002	
  3.4165466e-002	
  1.6700584e-002	
  1.2054583e-002	
  2.4113624e-002	
  1.3743476e-002	
  9.1526542e-003	
  5.6105153e-002	
  1.1396056e-001	
  1.3408022e-001	
  9.7978521e-002	
  7.8030110e-002	
  1.5300051e-002	
  5.0850632e-003	
  4.5921651e-003	
  2.4808484e-003	
  9.7179405e-004	
  5.2237833e-004	
  2.2745660e-004	
  1.4843882e-002	
  6.1562341e-002	
  3.5627913e-002	
  6.4757943e-002	
  1.2194605e-001	
  6.1501733e-002	
  1.8197859e-002	
  1.1001716e-002	
  4.8358109e-003	
  1.0379076e-002	
  4.9202922e-002	
  3.2089653e-002	
  5.2401098e-003	
  6.5845535e-003	
  1.4792578e-002	
  4.3533168e-002	
  5.1620145e-002	
  5.3949815e-002	
  4.2165960e-002	
  3.3616137e-002	
  1.3114083e-002	
  1.8765614e-002	
  3.1950440e-002	
  5.8819823e-002	
  3.7839480e-002	
  2.1776306e-002	
  1.3865377e-002	
  1.4708481e-002	
  3.2252485e-002	
  7.9358496e-002	
  2.2425476e-002	
  1.0330995e-001	
  2.2285306e-001	
  2.5753813e-001	
  1.1930231e-001	
  8.3965710e-002	
  1.5244562e-001	
  1.4445308e-001	
  6.4706182e-002	
  1.6404772e-002	
  5.5817228e-002	
  3.2552238e-002	
  2.9728540e-002	
  3.0043146e-002	
  1.7345894e-002	
  6.5807736e-003	
  2.2905632e-003	
  8.1941008e-004	
  8.2950306e-004	
  6.2770952e-004	
  3.1035491e-004	
  2.6934927e-004	
  5.9644593e-002	
  6.4185875e-002	
  9.7987584e-002	
  1.2298253e-001	
  8.0898237e-002	
  1.1659602e-001	
  1.1793791e-001	
  2.9596951e-002	
  1.2703815e-002	
  4.1879412e-002	
  4.5181413e-002	
  1.1516721e-002	
  1.3505036e-002	
  1.1123780e-001	
  8.5803104e-002	
  9.8466620e-002	
  7.9738786e-002	
  6.4483427e-002	
  6.2944985e-002	
  9.3932763e-002	
  6.5418304e-002	
  2.9716017e-001	
  5.7044147e-002	
  2.9765260e-001	
  4.2665308e-001	
  2.0161213e-001	
  1.0018247e-001	
  1.7880633e-001	
  2.1785030e-001	
  1.7719171e-001	
  1.0444885e-001	
  2.8059390e-001	
  2.2358246e-001	
  1.3485053e-001	
  8.7879810e-002	
  8.4283000e-002	
  4.8585810e-002	
  4.8837154e-002	
  3.8889822e-002	
  6.2041133e-002	
  1.3655653e-001	
  1.4581171e-001	
  7.7814930e-002	
  3.2256377e-002	
  1.2634403e-002	
  9.1443370e-003	
  2.8976177e-003	
  1.4318380e-003	
  6.4305536e-004	
  3.7873040e-004	
  1.3650588e-004	
  1.7740589e-004	
  5.1807941e-005	
  2.8047017e-005	
  6.9178604e-004	
  4.5942513e-002	
  2.5603773e-001	
  1.4098715e-001	
  5.7657795e-002	
  4.9481889e-002	
  2.2941801e-002	
  1.7975930e-002	
  7.6046625e-003	
  1.7981823e-002	
  9.4343385e-003	
  3.3075156e-002	
  1.5546144e-001	
  7.3465107e-002	
  1.5408639e-002	
  2.6876158e-002	
  1.0928823e-002	
  2.4094089e-003	
  1.8862689e-003	
  1.7346522e-003	
  5.4594222e-003	
  1.8585279e-002	
  2.2816528e-002	
  1.6782953e-002	
  1.7082718e-002	
  1.1233617e-002	
  3.9523329e-003	
  1.8027153e-003	
  1.2345374e-003	
  4.9930984e-003	
  7.2115344e-003	
  1.2939794e-002	
  1.7734722e-002	
  7.7480275e-003	
  2.1583473e-002	
  1.3741958e-002	
  1.0837316e-002	
  1.3647400e-002	
  6.0367346e-002	
  3.0804834e-002	
  3.3652579e-002	
  3.6194687e-002	
  1.0177784e-002	
  1.0949203e-002	
  1.3547926e-002	
  1.1358752e-002	
  1.0485963e-002	
  7.3303845e-003	
  3.0852936e-003	
  1.0593277e-002	
  9.1828910e-003	
  7.5247555e-003	
  6.7907680e-003	
  6.0371445e-003	
  2.2894009e-003	
  5.7348472e-003	
  7.4003475e-003	
  6.3274178e-003	
  6.6557392e-003	
  2.4145092e-003	
  1.5995089e-003	
  2.5810353e-003	
  6.6909699e-003	
  3.6586690e-003	
  3.4148845e-003	
  5.0138892e-003	
  4.1624774e-003	
  2.4475567e-003	
  1.6476747e-003	
  5.2698872e-004	
  6.3379797e-004	
  9.7534418e-004	
  3.9137500e-004	
  2.2676852e-004	
  3.3695467e-003	
  4.8011864e-003	
  3.0778296e-003	
  1.6381780e-003	
  1.5915648e-003	
  1.0221426e-003	
  7.7428333e-004	
  9.4652479e-004	
  8.5422728e-004	
  5.3753797e-004	
  1.3524288e-003	
  1.6203530e-003	
  1.7093624e-003	
  1.8130734e-003	
  1.4790028e-003	
  6.3723188e-004	
  3.3983049e-004	
  3.0315806e-004	
  1.5841468e-004	
  9.1722246e-005	
  1.4972348e-004	
  3.3612211e-005	
  1.4903594e-005	
  1.6738723e-005	
  8.2686363e-005	
  9.2599188e-005	
  3.8829101e-005	
  2.6955222e-006	
  1.0342354e-007	
  2.1405469e-008	
  1.6335885e-008	
  1.6164035e-008	
  1.6133709e-008	
  1.6073056e-008	
  1.6179198e-008	
  1.5587831e-008	
  1.5739464e-008	
  1.5608049e-008	
  1.6017457e-008	
  1.6138763e-008	
  1.6927252e-008	
  1.5112716e-008	
  1.6613878e-008	
  1.5805171e-008	
  1.6527953e-008	
