  1.1520064e-008	
  1.0254781e-003	
  5.3110629e-003	
  9.9895218e-003	
  4.6084098e-002	
  3.1231729e-002	
  3.1307876e-002	
  3.5336043e-002	
  3.9988584e-002	
  7.2824722e-002	
  4.6892201e-002	
  3.7555129e-002	
  3.5177715e-002	
  3.9538449e-002	
  5.0289138e-002	
  5.4564373e-002	
  3.9392815e-002	
  3.4183886e-002	
  3.2904901e-002	
  2.0455787e-002	
  2.2096743e-002	
  1.9858426e-002	
  2.4153803e-002	
  6.2017265e-002	
  6.5586934e-002	
  5.1832824e-002	
  5.1211884e-002	
  4.8745367e-002	
  4.4588533e-002	
  8.5434685e-002	
  6.0874417e-002	
  4.3955684e-002	
  3.3482779e-002	
  5.1855119e-002	
  3.6557525e-002	
  3.2389683e-002	
  3.3568910e-002	
  3.5400802e-002	
  7.7747129e-002	
  6.2257837e-002	
  4.9125981e-002	
  4.3112636e-002	
  3.9397746e-002	
  3.8076922e-002	
  5.3041379e-002	
  3.2097833e-002	
  2.2917898e-002	
  1.9275501e-002	
  1.2042588e-002	
  9.9111134e-003	
  9.6607655e-003	
  9.6976084e-003	
  9.7218730e-003	
  1.0440224e-002	
  8.8989299e-003	
  9.4272628e-003	
  8.3644995e-003	
  7.9823646e-003	
  7.9786266e-003	
  5.9507817e-003	
  6.1685800e-003	
  1.0668356e-002	
  2.7154283e-002	
  2.3831011e-002	
  2.5874190e-002	
  1.9645516e-002	
  2.9832266e-002	
  5.5197777e-002	
  5.0480869e-002	
  3.4920055e-002	
  2.6916326e-002	
  3.2194951e-002	
  4.8107502e-002	
  9.7871589e-002	
  5.7909886e-002	
  3.5437829e-002	
  3.2221221e-002	
  4.0408952e-002	
  2.6911034e-002	
  2.6183766e-002	
  2.6061096e-002	
  3.1593089e-002	
  7.2868099e-002	
  5.5411549e-002	
  3.5303499e-002	
  2.8823882e-002	
  4.9207701e-002	
  7.6584953e-002	
  1.0261817e-001	
  6.8703843e-002	
  5.0961897e-002	
  5.2160526e-002	
  3.1737431e-002	
  2.8784734e-002	
  1.9250100e-002	
  2.9863819e-002	
  4.3083022e-002	
  6.0081091e-002	
  3.4480605e-002	
  2.8676752e-002	
  2.9761388e-002	
  2.7657641e-002	
  4.9647722e-002	
  3.4880791e-002	
  2.1405740e-002	
  1.3339007e-002	
  7.2758680e-003	
  3.9627587e-003	
  3.0119653e-003	
  2.3572937e-003	
  3.2741259e-003	
  4.0327800e-003	
  3.8439071e-003	
  2.6351189e-003	
  2.4512665e-003	
  2.0830795e-003	
  2.4266641e-003	
  3.2239541e-003	
  4.3409081e-003	
  1.4830147e-001	
  3.6445730e-001	
  1.5001257e-001	
  8.3074052e-002	
  7.7835544e-002	
  5.9869815e-002	
  6.4464423e-002	
  6.8871002e-002	
  3.8746232e-002	
  3.9202561e-002	
  3.8056989e-002	
  3.4532174e-002	
  6.2657127e-002	
  5.0194667e-002	
  4.3331748e-002	
  3.6490550e-002	
  4.5705449e-002	
  3.1665455e-002	
  4.6593735e-002	
  3.6446275e-002	
  5.0893596e-002	
  1.0839037e-001	
  1.0024805e-001	
  7.7590081e-002	
  6.0078924e-002	
  6.6318416e-002	
  7.1630106e-002	
  1.2703989e-001	
  1.2905810e-001	
  1.0180872e-001	
  3.6854618e-001	
  1.5460562e-001	
  1.3119626e-001	
  7.1122722e-002	
  6.1572504e-002	
  4.2249742e-002	
  6.7134222e-002	
  3.3109171e-002	
  2.6201458e-002	
  4.3228157e-002	
  4.0954376e-002	
  9.2585857e-002	
  5.3272212e-002	
  4.3055243e-002	
  3.9208255e-002	
  2.5532193e-002	
  2.3636492e-002	
  2.7395310e-002	
  1.4760270e-001	
  8.1330735e-002	
  4.0856621e-002	
  2.8577635e-002	
  2.7205088e-002	
  1.6879118e-002	
  2.0164812e-001	
  9.2092412e-002	
  4.8988506e-002	
  2.2367250e-002	
  1.4203264e-002	
  2.9181028e-001	
  1.3885755e-001	
  6.2167140e-002	
  4.4290461e-002	
  5.6275403e-002	
  6.9513652e-002	
  7.1351012e-002	
  4.9999980e-002	
  3.3095467e-002	
  3.9331725e-002	
  3.8187751e-002	
  8.0089455e-002	
  7.0572694e-002	
  5.0103449e-002	
  6.0830145e-002	
  5.9425256e-002	
  4.3949757e-002	
  4.4013750e-002	
  3.0974770e-002	
  2.8000651e-002	
  9.4906219e-002	
  5.5783310e-002	
  3.9240486e-002	
  3.2851385e-002	
  5.1791290e-002	
  8.1746995e-002	
  1.5571711e-001	
  1.7425343e-001	
  9.8891293e-002	
  1.0701027e-001	
  5.2196390e-002	
  4.6934131e-002	
  4.6748830e-002	
  1.2826155e-001	
  9.2080698e-002	
  1.0233587e-001	
  2.0892064e-001	
  1.9044618e-001	
  1.0587497e-001	
  9.3261780e-002	
  4.4678950e-001	
  1.4610754e-001	
  1.0136550e-001	
  2.1897711e-001	
  2.6220942e-001	
  1.0359022e-001	
  8.3773043e-002	
  2.6699019e-001	
  1.7947897e-001	
  4.8655601e-002	
  4.2702200e-002	
  2.5981990e-001	
  8.3299595e-002	
  4.9263977e-002	
  1.7772576e-001	
  2.7498144e-001	
  7.7611147e-002	
  4.3434735e-002	
  1.0000000e+000	
  5.4617725e-001	
  4.2890240e-001	
  3.8002381e-001	
  1.6868134e-001	
  2.2028018e-001	
  1.5929482e-001	
  5.1420225e-001	
  2.4424296e-001	
  1.2119592e-001	
  1.1416364e-001	
  1.8274400e-001	
  1.0519494e-001	
  8.2217696e-002	
  6.0108877e-002	
  8.1158691e-001	
  2.8515021e-001	
  2.6100771e-001	
  1.3124030e-001	
  7.4759722e-002	
  5.8788323e-001	
  3.3482620e-001	
  1.4269585e-001	
  2.9464154e-002	
  3.5586011e-002	
  2.4247572e-001	
  4.8376227e-001	
  1.7039402e-001	
  7.7272412e-002	
  6.0604013e-001	
  2.9092972e-001	
  1.8154463e-001	
  1.2398083e-001	
  8.6858962e-002	
  6.5108701e-002	
  2.0651802e-001	
  3.6140625e-001	
  2.2327048e-001	
  8.4228157e-002	
  4.9867493e-002	
  1.0273749e-001	
  8.6631745e-002	
  3.7680170e-002	
  2.2201167e-001	
  6.5511168e-001	
  2.5270764e-001	
  1.7679966e-001	
  1.0520692e-001	
  5.4507536e-002	
  6.1401171e-001	
  2.0840410e-001	
  1.0152626e-001	
  3.8394793e-002	
  5.5569258e-002	
  3.4553988e-001	
  3.0183282e-001	
  1.1006419e-001	
  7.5641029e-002	
  8.7378741e-001	
  6.3103042e-001	
  3.1204416e-001	
  1.6161049e-001	
  1.0981801e-001	
  5.4916224e-002	
  1.9526378e-001	
  8.0175515e-002	
  4.3427234e-001	
  1.3427777e-001	
  8.5302919e-002	
  7.8295889e-002	
  6.9383610e-002	
  3.8602672e-002	
  2.5710613e-002	
  8.2398913e-001	
  2.7901797e-001	
  2.3594372e-001	
  1.3969058e-001	
  8.9903330e-002	
  5.0912960e-001	
  2.4045179e-001	
  7.0055402e-002	
  2.2369794e-002	
  2.3780456e-002	
  2.5161392e-002	
  4.9521305e-001	
  1.5751024e-001	
  5.5204188e-002	
  4.6765522e-001	
  4.4919145e-001	
  1.7762302e-001	
  1.1464600e-001	
  1.0049797e-001	
  6.7275041e-002	
  1.6720644e-001	
  6.4231094e-002	
  4.2326073e-001	
  6.5362558e-002	
  4.2055937e-002	
  3.9265566e-002	
  3.2019656e-002	
  1.3754172e-002	
  1.4620598e-002	
  7.1615537e-001	
  2.4457127e-001	
  1.7753028e-001	
  1.0018969e-001	
  5.0904738e-002	
  4.1057162e-001	
  1.8209802e-001	
  7.8605058e-002	
  3.7628476e-002	
  6.2764985e-002	
  4.5977089e-002	
  5.4880064e-001	
  1.4746734e-001	
  5.8248426e-002	
  6.1048694e-001	
  5.4865787e-001	
  3.6606258e-001	
  2.9751557e-001	
  1.3003280e-001	
  8.2261845e-002	
  2.3496630e-001	
  8.6746230e-002	
  4.7173586e-001	
  1.2192253e-001	
  1.1352199e-001	
  1.1205584e-001	
  8.6548825e-002	
  4.2197805e-002	
  3.3804291e-002	
  7.9003652e-001	
  2.6917174e-001	
  2.0731163e-001	
  1.2124055e-001	
  7.3415132e-002	
  3.9976694e-001	
  3.3157471e-001	
  1.1130445e-001	
  2.7908428e-002	
  2.9504347e-002	
  3.9457879e-002	
  5.2217906e-001	
  1.6084803e-001	
  3.7688684e-002	
  4.4467324e-001	
  3.2375950e-001	
  1.6071558e-001	
  1.4394295e-001	
  9.7346054e-002	
  3.9971066e-002	
  1.5622643e-001	
  2.1161939e-001	
  2.8081046e-001	
  9.2895469e-002	
  5.3242304e-002	
  5.8830883e-002	
  7.3064065e-002	
  2.8957851e-002	
  1.6759300e-002	
  8.1921466e-001	
  2.8824761e-001	
  2.0409231e-001	
  1.3726707e-001	
  8.2454349e-002	
  3.8634939e-001	
  3.3649252e-001	
  1.6023397e-001	
  4.6894489e-002	
  2.8389770e-002	
  2.7615345e-002	
  4.4409958e-001	
  2.7236179e-001	
  1.1049585e-001	
  4.3485125e-001	
  6.3525064e-001	
  4.3464606e-001	
  2.4336599e-001	
  1.2473425e-001	
  7.7141627e-002	
  1.7766042e-001	
  1.0265131e-001	
  4.4400418e-001	
  9.7405689e-002	
  9.1857587e-002	
  9.1904280e-002	
  9.0077899e-002	
  3.7931458e-002	
  2.3135767e-002	
  7.0124172e-001	
  2.7456253e-001	
  2.8276899e-001	
  1.2483780e-001	
  4.4475049e-001	
  1.8867432e-001	
  1.9150223e-001	
  3.4439525e-001	
  1.7349854e-001	
  1.5999293e-001	
  6.7269499e-002	
  3.0860611e-001	
  1.3276212e-001	
  5.1146622e-002	
  5.3710226e-001	
  4.9809059e-001	
  3.3141426e-001	
  2.0503979e-001	
  1.3274662e-001	
  1.0997462e-001	
  1.9785846e-001	
  1.0047855e-001	
  4.2388986e-002	
  3.5833623e-002	
  7.0093583e-002	
  7.6035981e-002	
  6.8485589e-002	
  2.4643340e-002	
