  1.7329329e-001	
  3.3310651e-001	
  3.2875141e-001	
  2.7073189e-001	
  2.1209818e-001	
  1.5934206e-001	
  1.2295491e-001	
  1.5746454e-001	
  1.7694835e-001	
  1.6401008e-001	
  1.3727769e-001	
  1.1813870e-001	
  9.8212693e-002	
  6.9768263e-002	
  1.3860465e-001	
  1.7594411e-001	
  1.3126491e-001	
  1.1873568e-001	
  7.4315929e-002	
  5.2964242e-002	
  6.1391006e-002	
  7.4297748e-001	
  7.7074622e-001	
  4.7579930e-001	
  4.0536604e-001	
  4.2285330e-001	
  3.1504238e-001	
  3.7001707e-001	
  3.5330273e-001	
  2.6380267e-001	
  2.0255891e-001	
  1.7126455e-001	
  1.6397407e-001	
  1.5226692e-001	
  3.7101810e-001	
  2.8051452e-001	
  2.1079322e-001	
  1.9800795e-001	
  9.2847003e-002	
  5.2244502e-002	
  1.6304551e-001	
  1.0000000e+000	
  9.0267219e-001	
  7.3270452e-001	
  6.8230061e-001	
  5.7755324e-001	
  6.1105702e-001	
  6.0880516e-001	
  4.5340471e-001	
  3.8025997e-001	
  2.9594607e-001	
  2.3390658e-001	
  1.8494698e-001	
  1.8209493e-001	
  5.1855329e-001	
  3.9694466e-001	
  2.8467220e-001	
  1.9241597e-001	
  8.4864294e-002	
  4.6446229e-002	
  4.7143843e-001	
  7.0049143e-001	
  5.1347731e-001	
  4.0982406e-001	
  3.2171186e-001	
  2.6803422e-001	
  3.8757786e-001	
  3.1186761e-001	
  2.3901662e-001	
  1.7051680e-001	
  1.4411580e-001	
  1.0624916e-001	
  8.2780406e-002	
  1.3887981e-001	
  3.8032878e-001	
  2.5840333e-001	
  1.9626557e-001	
  1.1460336e-001	
  4.0536819e-002	
  3.2765841e-002	
  6.6678213e-001	
  6.7779657e-001	
  5.4228136e-001	
  4.4038377e-001	
  3.1317963e-001	
  2.9598602e-001	
  2.5736151e-001	
  2.1337486e-001	
  2.6088784e-001	
  3.8788278e-001	
  3.0736364e-001	
  2.4926452e-001	
  3.0177525e-001	
  4.2284051e-001	
  3.5335151e-001	
  2.2435349e-001	
  2.0414325e-001	
  1.6111176e-001	
  1.0673198e-001	
  2.0129936e-001	
  4.2217076e-001	
  4.1907579e-001	
  3.9922009e-001	
  3.0686764e-001	
  2.5590957e-001	
  2.2628745e-001	
  1.9197809e-001	
  1.6508387e-001	
  1.7486074e-001	
  1.2575767e-001	
  1.2082928e-001	
  7.7480692e-002	
  1.3767355e-001	
  1.8315462e-001	
  1.4869032e-001	
  1.1231539e-001	
  1.2080139e-001	
  9.7223816e-002	
  5.6750577e-002	
  4.9414293e-002	
  3.6729176e-001	
  5.4907178e-001	
  4.2421575e-001	
  4.0476628e-001	
  3.2059687e-001	
  2.8738621e-001	
  2.3205364e-001	
  1.8384403e-001	
  1.4475531e-001	
  1.5782634e-001	
  1.8506890e-001	
  1.3615940e-001	
  1.0334031e-001	
  2.1798216e-001	
  2.2612624e-001	
  1.5648037e-001	
  1.3769050e-001	
  9.4290869e-002	
  8.2751846e-002	
  7.9965824e-002	
  6.4597956e-001	
  5.6112731e-001	
  4.3422045e-001	
  3.3165845e-001	
  3.1410196e-001	
  2.6788568e-001	
  2.8153277e-001	
  5.3606017e-001	
  4.1372907e-001	
  3.3846555e-001	
  3.1288240e-001	
  2.5127649e-001	
  3.1421238e-001	
  5.7486281e-001	
  4.3251720e-001	
  3.0632483e-001	
  2.6970208e-001	
  2.1710078e-001	
  1.4101870e-001	
  2.1145433e-001	
  2.9727432e-001	
  3.6945086e-001	
  2.2160257e-001	
  2.2034509e-001	
  1.8309668e-001	
  1.9470455e-001	
  3.7300010e-001	
  3.1923357e-001	
  2.2683296e-001	
  1.9290535e-001	
  1.6537383e-001	
  1.2321346e-001	
  1.2105417e-001	
  1.0680025e-001	
  8.7782525e-002	
  7.3458757e-002	
  5.3436274e-002	
  4.6733023e-002	
  3.9174069e-002	
  2.8773404e-001	
  3.4950151e-001	
  2.8603472e-001	
  2.3285918e-001	
  2.2102898e-001	
  1.8155536e-001	
  1.9218150e-001	
  1.8440265e-001	
  1.3881920e-001	
  1.7821083e-001	
  1.0636837e-001	
  7.4035860e-002	
  7.8802394e-002	
  1.3485648e-001	
  1.3085813e-001	
  1.0043212e-001	
  8.1981900e-002	
  7.5564130e-002	
  7.1797671e-002	
  8.2758230e-002	
  3.8143541e-001	
  4.4511168e-001	
  3.6137922e-001	
  3.3252467e-001	
  3.3229025e-001	
  2.7294780e-001	
  2.7456775e-001	
  2.6792560e-001	
  2.4539314e-001	
  1.8494734e-001	
  1.1742034e-001	
  8.8059775e-002	
  6.5967085e-002	
  7.1070535e-002	
  7.4774086e-002	
  5.2698732e-002	
  4.4065897e-002	
  3.8787177e-002	
  3.4905253e-002	
  2.0423566e-001	
  3.6921036e-001	
  2.4508484e-001	
  2.5821505e-001	
  2.2679509e-001	
  1.6050335e-001	
  1.6486208e-001	
  1.0919481e-001	
  2.1785122e-001	
  2.2270490e-001	
  1.5248270e-001	
  1.0925196e-001	
  9.0038586e-002	
  1.7713265e-001	
  2.2755742e-001	
  1.8141680e-001	
  1.3749906e-001	
  1.3090263e-001	
  1.2500528e-001	
  1.2974510e-001	
  5.0595127e-001	
  6.3966321e-001	
  4.3219660e-001	
  3.8997432e-001	
  4.2988668e-001	
  3.1002549e-001	
  1.5605581e-001	
  1.7230135e-001	
  1.5488789e-001	
  8.8261732e-002	
  5.3947121e-002	
  4.4808394e-002	
  4.5466644e-002	
  1.5814708e-001	
  1.5475716e-001	
  1.1315124e-001	
  1.0274516e-001	
  1.0271882e-001	
  7.4203159e-002	
  3.4483758e-001	
  7.4585368e-001	
  6.3475303e-001	
  4.5551013e-001	
  4.6084048e-001	
  3.6900228e-001	
  3.9828789e-001	
  4.8226869e-001	
  3.3283180e-001	
  2.8223543e-001	
  2.2757428e-001	
  2.0983503e-001	
  2.8281665e-001	
  2.7816214e-001	
  2.0338961e-001	
  1.5036771e-001	
  1.0663046e-001	
  5.5538044e-002	
  2.9950817e-002	
  7.9659193e-001	
  8.4625914e-001	
  6.2753893e-001	
  6.3068420e-001	
  5.4949051e-001	
  4.6066481e-001	
  6.4244503e-001	
  3.8320697e-001	
  2.6743642e-001	
  2.3295647e-001	
  1.4827576e-001	
  1.0024348e-001	
  1.4697952e-001	
  1.4550627e-001	
  1.0061641e-001	
  7.3256168e-002	
  4.2177659e-002	
  2.4697793e-002	
  1.3567834e-002	
  3.5905782e-001	
  5.0693818e-001	
  3.7692580e-001	
  2.9154321e-001	
  2.3920843e-001	
  1.9989464e-001	
  1.8014779e-001	
  3.9393931e-001	
  2.6624227e-001	
  2.1406688e-001	
  1.3861997e-001	
  1.2453936e-001	
  1.1368059e-001	
  4.1248022e-001	
  3.0976802e-001	
  2.1789965e-001	
  1.6985547e-001	
  6.3745843e-002	
  2.7330388e-002	
  1.1978370e-001	
  6.9490787e-001	
  5.3994131e-001	
  3.8617829e-001	
  3.1363465e-001	
  2.7911938e-001	
  2.5351341e-001	
  4.2335014e-001	
  5.2363505e-001	
  3.9789916e-001	
  3.2597268e-001	
  2.4163186e-001	
  2.2805786e-001	
  3.2684688e-001	
  2.4563344e-001	
  1.8364037e-001	
  1.3203966e-001	
  1.0974412e-001	
  8.1640720e-002	
  8.4753967e-002	
  3.4219955e-001	
  3.9866447e-001	
  3.8103286e-001	
  3.3517166e-001	
  2.6281202e-001	
  2.2822267e-001	
  1.8221569e-001	
  3.0707954e-001	
  2.4463945e-001	
  1.9873687e-001	
  1.4681265e-001	
  1.2450092e-001	
  1.3067369e-001	
  1.1400082e-001	
  3.4304096e-001	
  2.5996699e-001	
  1.6742351e-001	
  1.5941983e-001	
  1.3293200e-001	
  8.0519864e-002	
  8.7471455e-002	
  2.8634999e-001	
  2.8540281e-001	
  2.8043672e-001	
  2.6869266e-001	
  2.0997748e-001	
  1.8462161e-001	
  2.3170818e-001	
  4.6107167e-001	
  3.3532847e-001	
  2.5956855e-001	
  1.9534764e-001	
  1.6479313e-001	
  1.3843601e-001	
  1.0397120e-001	
  9.0286649e-002	
  2.6680891e-001	
  2.1688016e-001	
  1.7234669e-001	
  1.5992068e-001	
  1.2506944e-001	
  1.0741647e-001	
  1.7379501e-001	
  8.7013050e-001	
  8.5785448e-001	
  5.9121795e-001	
  4.5942695e-001	
  4.7979155e-001	
  3.2265429e-001	
  2.4339143e-001	
  2.0855033e-001	
  1.5572805e-001	
  1.5819875e-001	
  2.2398508e-001	
  1.5452444e-001	
  1.2669588e-001	
  1.0723145e-001	
  8.2668863e-002	
  6.0919745e-002	
  5.8030487e-002	
  4.8979233e-002	
  6.2652732e-002	
  8.5855249e-002	
  1.2591900e-001	
  8.7846464e-002	
  8.1797027e-002	
  5.3600027e-002	
  5.7891449e-002	
  4.5980987e-002	
  3.6878844e-002	
  1.2118636e-001	
  3.4790647e-001	
  4.1371692e-001	
  4.1569901e-001	
  4.3055888e-001	
  4.0091726e-001	
  3.5159806e-001	
  3.3266934e-001	
  2.9188304e-001	
  2.6073894e-001	
  2.4946753e-001	
  4.2327486e-001	
  4.3303378e-001	
  3.0269355e-001	
  2.4789909e-001	
  1.7385224e-001	
  1.4756049e-001	
  1.2116891e-001	
  1.0459921e-001	
  7.6595180e-002	
  7.0677115e-002	
  2.0961756e-001	
  4.0698986e-001	
  3.7698495e-001	
  4.0856787e-001	
  3.7103495e-001	
  3.3798134e-001	
  2.7828165e-001	
  2.8333641e-001	
  2.9019549e-001	
  2.4337802e-001	
  2.2777468e-001	
  1.8721954e-001	
  1.0628796e-001	
  7.4616297e-002	
  1.1591029e-001	
  4.4770544e-001	
  5.8280299e-001	
  4.4732879e-001	
  3.9455085e-001	
  3.3669480e-001	
  3.1671796e-001	
  2.6895400e-001	
  2.1228209e-001	
  2.1795815e-001	
  1.7760411e-001	
  1.6256772e-001	
  1.2206416e-001	
  1.0643369e-001	
  9.7821727e-002	
  8.8045243e-002	
  8.1317461e-002	
  8.1380975e-002	
  6.5343011e-002	
  6.2700723e-002	
  5.4381959e-002	
  4.6898785e-002	
  4.6096236e-002	
  4.2678481e-002	
  4.3452388e-002	
  3.9165606e-002	
  4.5972004e-002	
  4.9065796e-002	
  4.2613979e-002	
  5.8273447e-002	
  4.5251691e-002	
  5.0395797e-002	
  4.5645461e-002	
  4.7940736e-002	
  6.5629973e-002	
  4.9724337e-002	
  4.5032899e-002	
  3.4983632e-002	
  3.2236738e-002	
  3.2303951e-002	
  2.5122947e-002	
  2.3880153e-002	
  2.1243191e-002	
  1.9406549e-002	
  1.6359390e-002	
  1.4150682e-002	
  1.2932312e-002	
  1.0956917e-002	
  9.6451778e-003	
  9.2275588e-003	
  7.2875471e-003	
  5.3485331e-003	
  5.6632861e-003	
  5.5172212e-003	
  4.7535297e-003	
  5.0728970e-003	
  3.5393552e-003	
  4.1984248e-003	
  4.3028746e-003	
  4.2998463e-003	
  4.5379428e-003	
  4.5679565e-003	
  3.5165319e-003	
  4.1469501e-003	
  4.5638773e-003	
  4.2513243e-003	
  4.2639398e-003	
  3.3420749e-003	
  4.4008698e-003	
  3.8001150e-003	
  4.3010057e-003	
  3.5523375e-003	
  3.9898348e-003	
  3.7431823e-003	
  3.9744305e-003	
  3.9526466e-003	
  3.1541823e-003	
  2.9198449e-003	
  2.7781432e-003	
  3.3759925e-003	
  3.1616989e-003	
  3.1061926e-003	
  3.0053232e-003	
  3.1226303e-003	
  3.0044543e-003	
  2.9239642e-003	
  2.4648365e-003	
  2.4724747e-003	
  2.2806876e-003	
  2.6296311e-003	
  2.0350465e-003	
  2.3624441e-003	
  1.5957198e-003	
  2.1015478e-003	
  2.2054549e-003	
  1.8051693e-003	
  1.9409124e-003	
  1.4463629e-003	
  1.8070103e-003	
  1.5451135e-003	
  1.6843344e-003	
  1.3138170e-003	
  1.2938186e-003	
  1.3703632e-003	
  1.1922283e-003	
  1.2953295e-003	
  1.1180887e-003	
  1.1042117e-003	
  1.0748241e-003	
  1.2473892e-003	
  1.0520452e-003	
  1.0057638e-003	
  9.3600882e-004	
  1.0124010e-003	
  1.0476463e-003	
  9.7908979e-004	
  7.7647757e-004	
  8.5985292e-004	
  7.6410600e-004	
  7.8857230e-004	
  8.0773408e-004	
  8.0501000e-004	
  6.3790954e-004	
  7.3601927e-004	
  7.3370800e-004	
  6.4564541e-004	
  5.9225251e-004	
  5.3138415e-004	
  5.8627751e-004	
  5.2209738e-004	
  5.3065502e-004	
  5.1671993e-004	
  4.8915511e-004	
  4.6089515e-004	
  4.7823959e-004	
  4.3157604e-004	
  3.5009971e-004	
  3.7062325e-004	
  3.9554568e-004	
  4.3636964e-004	
  3.7870559e-004	
  3.5961289e-004	
  3.2756586e-004	
  3.7026582e-004	
  3.6714757e-004	
  3.5867654e-004	
  3.1547113e-004	
  3.0610926e-004	
  2.8205521e-004	
  2.8611365e-004	
  2.7321249e-004	
  2.4674849e-004	
  1.9140175e-004	
  1.5571019e-004	
  9.1691777e-005	
  4.5870284e-005	
  2.8953451e-005	
  2.0866725e-005	
  1.3438406e-005	
  1.0886463e-005	
  8.8268171e-006	
  8.1135888e-006	
  6.6191535e-006	
  7.2792049e-006	
  7.4973946e-006	
  6.6207981e-006	
  6.6136713e-006	
  5.4399420e-006	
  5.8034089e-006	
  4.8566408e-006	
  5.2212040e-006	
  5.2140772e-006	
  4.9597053e-006	
  4.7190387e-006	
  5.0446787e-006	
  4.5847259e-006	
  5.2787667e-006	
  4.3648915e-006	
  4.2371573e-006	
  5.3483900e-006	
  5.4163687e-006	
  4.2135840e-006	
  5.3056292e-006	
  5.6318174e-006	
  4.9514820e-006	
  3.8934262e-006	
  3.8917815e-006	
  3.8950708e-006	
  3.8934262e-006	
  3.8917815e-006	
  3.8956191e-006	
  3.8890405e-006	
  3.8786244e-006	
  3.8824619e-006	
  3.8939744e-006	
  3.8934262e-006	
  3.8917815e-006	
  3.8950708e-006	
  3.8934262e-006	
  3.8917815e-006	
  3.8956191e-006	
  3.8890405e-006	
  3.8786244e-006	
  3.8824619e-006	
  3.8939744e-006	
  3.8934262e-006	
  3.8917815e-006	
  3.8950708e-006	
  3.8934262e-006	
  3.8917815e-006	
  3.8956191e-006	
  3.8890405e-006	
  3.8786244e-006	
  3.8824619e-006	
  3.8939744e-006	
  3.8934262e-006	
